r = s = t = 5
avg = r + s + t / 3
avg = 5 + 5 + (5 / 3)
avg = 5 + 5 + 1.6666....
avg = 10 + 1.66666.....
avg = 11.66666.....